{
    "markers": {
        "type_id": "opencv-matrix",
        "rows": 4,
        "cols": 2,
        "dt": "4u",
        "data": [ 83, 44, 198, 145, 52, 202, 137, 99, 175, 143, 93, 95,
            241, 245, 250, 186, 32, 63, 59, 17, 252, 4, 136, 220, 18,
            150, 165, 18, 105, 72, 72, 165 ]
    },
    "marker_size": 4,
    "camera_matrix": {
        "type_id": "opencv-matrix",
        "rows": 3,
        "cols": 3,
        "dt": "d",
        "data": [ 9.6929799679890186e+02, 0.0, 9.6000000004149967e+02,
            0.0, 9.9505967765493210e+02, 5.3999999998238513e+02, 0.0,
            0.0, 1.0 ]
    },
    "distortion_coefficients": {
        "type_id": "opencv-matrix",
        "rows": 1,
        "cols": 5,
        "dt": "d",
        "data": [ -9.3249349192326711e-11, -5.5961974291727221e-10,
            4.7984510056831296e-12, -1.7313417223861615e-10,
            -3.6148690083372015e-10 ]
    },
    "resolution": "1920x1080",
    "codec": "mjpeg"
}
