{
    "markers": {
        "type_id": "opencv-matrix",
        "rows": 4,
        "cols": 2,
        "dt": "4u",
        "data": [ 83, 44, 198, 145, 52, 202, 137, 99, 175, 143, 93, 95,
            241, 245, 250, 186, 32, 63, 59, 17, 252, 4, 136, 220, 18,
            150, 165, 18, 105, 72, 72, 165 ]
    },
    "marker_size": 4,
    "camera_matrix": {
        "type_id": "opencv-matrix",
        "rows": 3,
        "cols": 3,
        "dt": "d",
        "data": [ 7.1848414993315407e+02, 0.0, 4.3200249005890225e+02,
            0.0, 7.1487883899031988e+02, 1.8121579792889008e+02, 0.0,
            0.0, 1.0 ]
    },
    "distortion_coefficients": {
        "type_id": "opencv-matrix",
        "rows": 1,
        "cols": 5,
        "dt": "d",
        "data": [ 1.6046802129940130e-01, -1.4192880065934039e+00,
            -2.5716825317272148e-03, -1.2330203585207424e-02,
            2.2506098215738439e+00 ]
    }
}
